37.0
78.33333333333333
37.666666666666664
70.0
59.666666666666664
66.66666666666667
83.33333333333333
55.333333333333336
52.666666666666664
64.66666666666667
62.333333333333336
42.0
65.0
55.333333333333336
57.666666666666664
72.33333333333333
77.33333333333333
53.0
59.666666666666664
85.66666666666667
68.66666666666667
61.666666666666664
77.66666666666667
83.0
43.0
55.666666666666664
57.666666666666664
61.0
41.333333333333336
38.0
66.0
50.666666666666664
70.33333333333333
53.0
86.33333333333333
72.33333333333333
53.666666666666664
53.0
57.0
60.333333333333336
78.33333333333333
82.0
72.33333333333333
63.333333333333336
72.0
61.0
34.333333333333336
57.333333333333336
48.666666666666664
62.666666666666664
68.66666666666667
73.0
55.666666666666664
56.0
52.666666666666664
59.333333333333336
48.0
47.666666666666664
75.66666666666667
70.33333333333333
60.0
78.0
69.66666666666667
65.33333333333333
61.666666666666664
59.0
64.66666666666667
54.333333333333336
56.0
48.0
44.666666666666664
49.0
55.666666666666664
40.0
59.2972972972973 61.75675675675676 61.013513513513516